image_width: 320
image_height: 240
camera_name: left_camera
camera_matrix:
  rows: 3
  cols: 3
  data: [328.600226627616, 0, 182.856002227359, 0, 325.854047664091, 118.818243255004, 0, 0, 1]
distortion_model: plumb_bob
distortion_coefficients:
  rows: 1
  cols: 5
  data: [-0.051053652234572, -0.222620885251755, -0.00875839715246584, 0.0268336814037058, 0.694913930154623]
rectification_matrix:
  rows: 3
  cols: 3
  data: [0.523183059723995, 0.0701731274859286, 0.849326331981225, -0.0592599540747128, 0.99718742366225, -0.0458857268974508, -0.850157481800226, -0.0263244044317838, 0.525870023741999]
projection_matrix:
  rows: 3
  cols: 4
  data: [281.27356563703, 0, -1156.55062866211, 0, 0, 281.27356563703, 143.461194992065, 0, 0, 0, 1, 0]