image_width: 320
image_height: 240
camera_name: left_camera
camera_matrix:
  rows: 3
  cols: 3
  data: [416.515688952361, 0, 119.665560960783, 0, 420.241343470709, 129.184134526696, 0, 0, 1]
distortion_model: plumb_bob
distortion_coefficients:
  rows: 1
  cols: 5
  data: [-0.317412459243787, -0.209650568249614, 0.00164746330132859, -0.00109919944814711, 0.673401150402749]
rectification_matrix:
  rows: 3
  cols: 3
  data: [0.968258906594905, 0.0079199543412404, -0.249823866199513, -4.28348333739577e-05, 0.999503108381387, 0.0315203823124444, 0.249949370803002, -0.0305091897496193, 0.967778126109495]
projection_matrix:
  rows: 3
  cols: 4
  data: [376.115629629893, 0, 238.467275619507, 0, 0, 376.115629629893, 112.551186561584, 0, 0, 0, 1, 0]