image_width: 320
image_height: 240
camera_name: right_camera
camera_matrix:
  rows: 3
  cols: 3
  data: [294.72678521189, 0, 142.610189936873, 0, 281.27356563703, 153.399167412799, 0, 0, 1]
distortion_model: plumb_bob
distortion_coefficients:
  rows: 1
  cols: 5
  data: [0.408072577308166, -1.75537984181264, -1.0766351666994e-05, 0.10502212824578, 3.34364001367193]
rectification_matrix:
  rows: 3
  cols: 3
  data: [0.497114517392238, 0.055894472539727, 0.865882766047106, -0.0671061854692924, 0.99741070097466, -0.0258583343043908, -0.865086074601622, -0.0452515361147266, 0.499578204097832]
projection_matrix:
  rows: 3
  cols: 4
  data: [281.27356563703, 0, -1156.55062866211, -28.3103523888065, 0, 281.27356563703, 143.461194992065, 0, 0, 0, 1, 0]