image_width: 320
image_height: 240
camera_name: right_camera
camera_matrix:
  rows: 3
  cols: 3
  data: [399.408016245162, 0, 154.093833122985, 0, 403.105440158805, 96.069492495153, 0, 0, 1]
distortion_model: plumb_bob
distortion_coefficients:
  rows: 1
  cols: 5
  data: [-0.271993486326504, -0.121213791143552, 0.00187656585577932, -0.00315236334559092, 0.589258642193292]
rectification_matrix:
  rows: 3
  cols: 3
  data: [0.977462135752782, -0.0125418155709367, -0.210737932114259, 0.00590968929005576, 0.99946811101049, -0.0320713368230659, 0.211028075720044, 0.0301031216870967, 0.977016352638269]
projection_matrix:
  rows: 3
  cols: 4
  data: [376.115629629893, 0, 238.467275619507, 26.9184833043276, 0, 376.115629629893, 112.551186561584, 0, 0, 0, 1, 0]